,0,1,2,3,4,5
0,0.0,0.0,0.0,0.0,0.0,0.0
1,1.0,1.7084846483988088,2.7972027972028,1.0,1.1554968636513792,2.1478521478521486
2,2.0,1.3205678441729987,2.2477522477522456,2.0,1.097722020468808,1.6483516483516496
3,3.0,1.1307362165731263,1.8481518481518435,3.0,0.7593265103994753,1.3986013986014
4,4.0,0.9574116870254272,1.698301698301691,4.0,0.9574116870254272,1.5484515484515526
5,5.0,0.9161439418950152,1.5484515484515526,5.0,0.6685374711125718,1.0489510489510536
6,6.0,0.841862000660285,1.498501498501497,6.0,0.5777484318256825,0.999000999000998
7,7.0,0.9409045889732539,1.5484515484515526,7.0,0.5034664905909523,1.098901098901095
8,8.0,0.841862000660285,1.4485514485514557,8.0,0.4209310003301425,0.8491508491508455
9,9.0,0.6602839220865064,1.2487512487512475,9.0,0.45394519643447495,0.9490509490509424
10,10.0,0.7015516672169042,1.2487512487512475,10.0,0.37966325519973054,0.6993006993006929
11,11.0,0.6685374711125718,1.2987012987013031,11.0,0.371409706173651,0.8491508491508455
12,12.0,0.6767910201386513,1.2487512487512475,12.0,0.28887421591284124,0.599400599400596
13,13.0,0.6355232750082536,1.098901098901095,13.0,0.3549026081214919,0.599400599400596
14,14.0,0.6190161769560945,1.0489510489510536,14.0,0.27236711786068213,0.599400599400596
15,15.0,0.54473423572135,1.0489510489510536,15.0,0.28887421591284124,0.599400599400596
16,16.0,0.5612413337735234,0.999000999000998,16.0,0.3136348629910799,0.5494505494505404
17,17.0,0.5777484318256825,0.999000999000998,17.0,0.2393529217563497,0.499500499500499
18,18.0,0.5777484318256825,1.0489510489510536,18.0,0.5942555298778558,1.0489510489510536
19,19.0,0.5282271376692051,0.7992007992007899,19.0,0.19808517662595193,0.8991008991009011
20,20.0,0.4787058435126994,0.8491508491508455,20.0,0.1815780785737786,0.499500499500499
